0 2
100 1
200 1
300 1
400 20
500 20
600 20
700 21
800 20
900 20
1000 20
1100 20
1200 20
1300 20
1400 20
1500 19
1600 20
1700 20
1800 19
1900 20
2000 20
2100 20
2200 20
2300 20
2400 20
2500 20
2600 20
2700 20
2800 20
2900 20
3000 20
3100 20
3200 20
3300 20
3400 20
3500 20
3600 20
3700 20
3800 20
3900 20
4000 20
4100 20
4200 20
4300 20
4400 20
4500 20
4600 20
4700 20
4800 20
4900 20
5000 20
5100 20
5200 20
5300 20
5400 20
5500 20
5600 20
5700 20
5800 20
5900 20
6000 20
6100 20
6200 20
6300 20
6400 20
6500 20
6600 20
6700 20
6800 20
6900 20
7000 20
7100 20
7200 20
7300 20
7400 20
7500 20
7600 20
7700 20
7800 20
7900 20
8000 20
8100 20
8200 20
8300 20
8400 20
8500 20
8600 20
8700 20
8800 20
8900 20
9000 20
9100 20
9200 20
9300 20
9400 20
9500 20
9600 20
9700 20
9800 20
9900 20
