0 -1
100 3
200 21
300 24
400 14
500 64
600 150
700 168
800 180
900 221
1000 230
1100 277
1200 358
1300 358
1400 358
1500 358
1600 358
1700 358
1800 358
1900 358
2000 358
2100 358
2200 358
2300 358
2400 358
2500 358
2600 358
2700 358
2800 358
2900 358
3000 358
3100 358
3200 358
3300 358
3400 358
3500 358
3600 358
3700 358
3800 358
3900 358
4000 358
4100 358
4200 358
4300 358
4400 358
4500 358
4600 358
4700 358
4800 358
4900 358
5000 358
5100 358
5200 358
5300 358
5400 358
5500 358
5600 358
5700 358
5800 358
5900 358
6000 358
6100 358
6200 358
6300 358
6400 358
6500 358
6600 358
6700 358
6800 358
6900 358
7000 358
7100 358
7200 358
7300 358
7400 358
7500 358
7600 358
7700 358
7800 358
7900 358
8000 358
8100 358
8200 358
8300 358
8400 358
8500 358
8600 358
8700 358
8800 358
8900 358
9000 358
9100 358
9200 358
9300 358
9400 358
9500 358
9600 358
9700 358
9800 358
9900 358
